All lines that got ignored


4,'2021-09-26 12:50:00',6,115,9.862318840579709,3,2340,5
88,'2021-11-03 14:58:00',7,20,10.05,1,300,5
91,'2021-06-19 10:11:00',7,109,11.575779816513764,11,600,5
102,'2021-07-08 10:23:00',7,82,14.375609756097562,1,1640,5
155,'2021-09-25 15:09:00',8,43,12.568992248062017,2,860,5
156,'2021-12-12 10:40:00',8,26,11.789230769230768,1,312,5
163,'2021-10-12 15:13:00',8,44,10.328560606060606,16,146,5
200,'2021-11-19 19:24:00',8,92,13.923913043478263,9,660,5
215,'2021-06-25 20:42:00',9,95,7.0175438596491215,3,1920,5
220,'2021-07-06 15:04:00',9,80,12.5863125,7,369,5
226,'2021-08-28 11:41:00',9,87,10.533333333333333,3,1740,5
270,'2021-09-03 13:07:00',10,101,10.959405940594058,2,1515,5
289,'2021-07-04 10:15:00',11,27,12.377160493827159,10,85,5
289,'2021-07-04 10:15:00',11,27,12.377160493827159,14,85,5
294,'2021-07-16 20:44:00',11,97,13.012113402061855,1,1455,5
327,'2021-07-07 14:30:00',12,54,14.58333333333333,7,180,5
366,'2021-08-24 10:34:00',12,29,15.2848275862069,5,174,5
373,'2021-07-31 09:03:00',12,88,13.223106060606064,12,406,5
389,'2021-05-06 20:55:00',13,119,12.94733893557423,3,2400,5
400,'2021-10-18 20:15:00',13,106,11.144433962264152,17,420,5
423,'2022-01-19 10:18:00',13,77,11.372727272727273,6,420,5
439,'2021-11-19 18:44:00',13,59,12.382570621468927,10,221,5
452,'2021-04-19 15:26:00',14,65,11.627153846153846,11,229,5
467,'2022-01-13 13:46:00',14,93,8.333333333333334,2,1860,5
493,'2021-09-28 16:54:00',14,22,13.889090909090909,7,146,5
504,'2021-10-18 14:41:00',14,25,13.933333333333334,6,300,5
529,'2021-08-10 11:39:00',14,109,10.694801223241589,5,934,5
545,'2021-08-10 12:15:00',15,25,13.704533333333332,9,88,5
564,'2021-05-29 13:11:00',16,85,13.976941176470586,7,392,5
608,'2021-06-12 10:34:00',17,28,15.684642857142856,8,129,5
640,'2021-04-09 20:44:00',18,28,7.725,4,420,5
660,'2021-04-16 11:31:00',18,87,14.314367816091954,4,1320,5
701,'2021-11-08 09:37:00',19,96,13.851874999999998,5,822,5
714,'2022-01-12 14:12:00',20,45,14.541777777777781,8,168,5
771,'2022-01-08 14:36:00',21,71,13.617605633802816,4,1080,5
809,'2021-04-15 20:08:00',22,45,14.602222222222222,8,270,5
890,'2021-07-14 18:08:00',25,103,12.23294498381877,1,412,5
892,'2021-08-20 09:55:00',25,35,9.848571428571429,2,700,5
893,'2021-08-27 15:26:00',25,33,13.61212121212121,9,110,5
914,'2021-10-24 15:24:00',26,111,10.99039039039039,9,512,5
918,'2021-05-19 09:02:00',26,57,13.033333333333333,1,1140,5
1024,'2021-12-31 11:01:00',27,92,14.912717391304346,9,501,5
1038,'2021-08-23 15:01:00',27,29,10.068218390804597,11,133,5
1040,'2021-04-10 14:00:00',27,99,13.261161616161615,12,349,5
1073,'2022-01-22 09:22:00',28,58,12.279885057471267,5,290,5
1088,'2021-06-18 13:50:00',28,55,14.719090909090909,2,825,5
1185,'2022-01-28 09:58:00',31,57,12.678947368421055,3,180,5
1205,'2021-05-20 15:54:00',32,45,9.996666666666668,3,675,5
1346,'2021-09-17 14:46:00',33,112,11.725,7,420,5
1398,'2022-01-24 15:45:00',35,26,12.62102564102564,1,104,5
1401,'2021-09-02 09:35:00',35,68,13.696470588235293,3,226,5
1450,'2021-07-21 12:40:00',36,108,13.055555555555555,3,360,5
1457,'2021-10-26 19:37:00',36,107,14.021853582554517,9,493,5
1460,'2021-08-18 13:56:00',36,43,11.531627906976743,12,198,5
1469,'2022-01-02 11:08:00',36,44,13.125000000000002,1,660,5
1489,'2021-12-23 20:07:00',36,29,13.476321839080462,1,124,5
1492,'2021-11-08 16:07:00',36,56,12.016071428571426,1,258,5
1564,'2022-01-08 16:50:00',37,104,11.122820512820514,5,328,5
1576,'2021-08-04 14:12:00',38,85,13.797882352941176,1,318,5
1576,'2021-08-04 14:12:00',38,85,13.797882352941176,2,318,5
1595,'2021-09-26 20:39:00',38,44,13.925,3,660,5
1615,'2021-11-08 15:04:00',38,58,9.4816091954023,1,1160,5
1662,'2021-07-28 20:38:00',39,117,9.433333333333335,1,2340,5
1673,'2021-05-06 12:19:00',39,112,14.68803571428571,14,373,5
1697,'2021-08-18 16:28:00',40,119,11.671428571428573,6,1020,5
1766,'2021-06-16 13:52:00',41,45,7.483333333333334,1,675,5
1766,'2021-06-16 13:52:00',41,45,7.483333333333334,3,675,5
1781,'2021-08-22 19:52:00',41,114,10.685526315789474,2,1710,5
1842,'2021-05-26 11:14:00',41,102,13.393888888888887,9,322,5
1874,'2021-11-07 19:17:00',42,50,12.168566666666667,14,157,5
1900,'2021-08-11 19:25:00',42,70,13.296190476190475,2,1400,5
1919,'2021-07-22 18:28:00',42,55,10.627818181818181,1,471,5
1926,'2021-07-30 14:24:00',42,43,10.162790697674419,4,516,5
1945,'2022-01-13 10:22:00',42,25,14.5428,14,93,5
1969,'2021-06-21 17:03:00',43,83,11.556144578313253,10,452,5
1976,'2021-11-01 19:36:00',43,108,14.664814814814813,8,405,5
1984,'2021-10-24 19:51:00',43,109,13.05163608562691,8,503,5
2006,'2021-09-12 16:42:00',43,113,13.479336283185845,4,423,5
2020,'2021-10-26 11:41:00',43,48,12.399999999999999,2,180,5
2086,'2022-01-23 18:46:00',44,38,14.278947368421052,1,760,5
2129,'2022-01-19 15:32:00',45,40,13.027083333333334,1,218,5
2152,'2021-04-24 19:09:00',45,23,14.056231884057969,16,76,5
2160,'2021-10-08 09:11:00',45,59,9.060451977401131,1,1180,5
2178,'2021-09-05 11:18:00',46,64,11.6384375,1,768,5
2203,'2021-09-23 10:27:00',46,105,10.142380952380952,4,393,5
2271,'2021-04-29 10:05:00',47,48,12.51579861111111,5,151,5
2288,'2022-01-25 11:56:00',47,88,7.822727272727273,5,1080,5
2311,'2021-10-30 19:54:00',47,90,9.139999999999999,2,1080,5
2321,'2021-08-05 15:46:00',47,117,14.85705128205128,4,1800,5
2345,'2021-12-08 14:28:00',49,118,12.826666666666666,16,416,5
2437,'2021-04-29 13:12:00',52,60,9.766666666666666,1,1200,5
2440,'2021-11-15 17:10:00',52,98,12.504132653061225,5,367,5
2445,'2021-12-09 19:20:00',52,57,8.700000000000001,3,1140,5
2465,'2021-09-09 17:00:00',52,71,13.413615023474183,13,236,5
2471,'2022-01-25 14:07:00',52,46,13.330434782608696,9,276,5
2472,'2021-06-02 16:31:00',52,58,15.503448275862068,9,267,5
2494,'2021-06-23 12:54:00',52,78,12.681196581196579,3,520,5
2530,'2021-08-08 16:35:00',53,58,12.47373563218391,2,217,5
2555,'2021-04-22 12:13:00',53,106,12.504213836477986,8,334,5
2581,'2021-08-30 09:11:00',54,95,12.717684210526318,6,438,5
2585,'2021-10-26 19:15:00',54,34,14.005882352941176,4,170,5
2586,'2021-10-29 15:58:00',54,58,13.24965517241379,9,316,5
2595,'2021-11-09 16:22:00',54,49,12.878775510204083,7,267,5
2597,'2022-01-06 16:35:00',54,38,12.30526315789474,2,760,5
2604,'2021-11-12 17:41:00',54,30,13.672444444444443,18,94,5
2615,'2021-07-09 15:49:00',55,36,12.333333333333334,1,240,5
2689,'2021-06-26 15:55:00',55,22,12.409090909090912,8,120,5
2729,'2021-12-26 14:35:00',57,106,11.298113207547171,2,1590,5
2749,'2021-10-31 20:36:00',57,83,8.67831325301205,1,1660,5
2814,'2022-01-20 09:04:00',59,70,15.100000000000003,6,420,5
2815,'2021-09-13 15:11:00',59,107,10.458411214953273,3,1605,5
2850,'2021-10-07 11:33:00',59,27,11.811111111111112,6,124,5
2853,'2021-05-05 10:02:00',59,104,15.353461538461538,4,624,5
2885,'2022-01-21 16:35:00',60,37,12.449324324324325,8,123,5
2907,'2021-10-19 11:53:00',61,107,10.123676012461058,1,583,5
2907,'2021-10-19 11:53:00',61,107,10.123676012461058,4,583,5
2909,'2021-08-16 12:07:00',61,105,14.942857142857141,7,900,5
2933,'2021-12-18 15:01:00',61,106,14.79320754716981,9,424,5
2975,'2021-08-07 12:29:00',61,80,8.749999999999998,1,1200,5
3003,'2021-08-30 18:21:00',62,67,11.860074626865671,7,335,5
3008,'2021-05-18 17:40:00',62,42,12.61015873015873,14,148,5
3021,'2021-12-14 10:50:00',62,80,12.457208333333334,3,266,5
3029,'2021-05-12 09:01:00',62,84,12.433333333333337,7,420,5
3069,'2022-01-11 13:56:00',63,82,12.357621951219514,6,615,5
3073,'2021-09-21 14:48:00',63,59,11.907570621468926,8,196,5
3073,'2021-09-21 14:48:00',63,59,11.907570621468926,14,196,5
3155,'2021-05-08 09:53:00',64,71,13.588356807511733,4,224,5
3163,'2022-01-13 11:03:00',64,119,9.791036414565825,2,2380,5
3164,'2021-04-24 17:27:00',64,96,13.35,7,720,5
3203,'2021-10-13 20:10:00',64,33,13.753535353535352,9,116,5
3212,'2021-12-08 18:57:00',65,115,12.539304347826086,9,363,5
3218,'2021-08-04 17:40:00',65,74,9.305405405405406,6,246,5
3232,'2022-01-03 18:15:00',65,26,13.58230769230769,18,120,5
3257,'2021-08-10 17:41:00',65,117,15.421709401709402,4,438,5
3261,'2022-01-07 17:53:00',65,47,12.32468085106383,8,156,5
3281,'2021-09-03 20:15:00',66,45,14.466666666666669,2,900,5
3331,'2021-07-22 14:20:00',67,28,12.408095238095237,9,88,5
3331,'2021-07-22 14:20:00',67,28,12.408095238095237,10,88,5
3389,'2021-04-16 17:48:00',68,84,12.325,2,420,5
3420,'2021-04-21 16:19:00',69,119,13.245882352941177,1,396,5
3420,'2021-04-21 16:19:00',69,119,13.245882352941177,3,396,5
3433,'2021-06-24 14:35:00',69,27,13.455555555555556,5,135,5
3433,'2021-06-24 14:35:00',69,27,13.455555555555556,9,135,5
3490,'2022-01-08 09:20:00',70,57,13.00526315789474,8,228,5
3560,'2021-11-03 10:29:00',71,85,12.761176470588234,1,510,5
3568,'2022-01-09 14:04:00',71,69,10.89434782608696,5,414,5
3664,'2021-07-12 14:12:00',72,87,15.015842911877396,12,307,5
3723,'2021-10-16 11:47:00',74,57,13.407105263157895,1,201,5
3730,'2021-06-30 15:32:00',74,119,12.89378151260504,9,549,5
3750,'2021-05-28 14:38:00',74,91,14.310769230769235,8,364,5
3756,'2021-06-20 16:33:00',74,36,13.065000000000003,13,144,5
3810,'2021-05-10 13:45:00',75,102,9.033333333333333,3,2040,5
3814,'2021-06-07 09:01:00',75,92,12.542173913043477,11,540,5
3820,'2021-06-11 19:40:00',75,103,14.633074433656963,9,386,5
3855,'2021-05-14 18:05:00',77,87,13.962068965517245,15,290,5
3917,'2021-10-28 14:47:00',78,95,14.473157894736843,11,335,5
3943,'2022-01-11 10:48:00',78,36,12.133333333333333,5,360,5
3983,'2021-07-08 12:12:00',80,30,12.501111111111113,19,120,5
4003,'2021-07-25 17:58:00',81,107,7.115576323987538,3,2160,5
4121,'2021-06-02 18:07:00',82,54,13.810802469135805,7,190,5
4121,'2021-06-02 18:07:00',82,54,13.810802469135805,15,190,5
4157,'2021-07-28 18:58:00',83,119,14.793613445378151,5,649,5
4187,'2021-08-14 19:57:00',84,109,15.001651376146786,8,408,5
4267,'2022-01-30 13:11:00',85,57,13.449824561403513,12,228,5
4323,'2021-09-16 12:13:00',85,66,10.899999999999999,6,360,5
4354,'2021-11-17 14:26:00',86,78,11.88974358974359,2,936,5
4385,'2021-09-30 19:15:00',86,97,13.761185567010312,1,323,5
4423,'2021-12-26 20:14:00',88,94,8.970921985815602,1,1880,5
4458,'2021-08-02 09:03:00',89,107,10.636978193146415,10,458,5
4459,'2021-08-08 09:42:00',89,69,10.961594202898551,9,345,5
4491,'2021-08-08 12:31:00',90,118,12.324406779661018,14,372,5
4493,'2021-04-30 12:17:00',90,52,13.526153846153845,4,222,5
4501,'2021-08-27 19:23:00',90,91,11.82857142857143,7,780,5
4511,'2021-07-16 09:48:00',90,35,12.058285714285713,8,161,5
4560,'2022-01-15 10:04:00',90,75,14.190977777777778,7,346,5
4584,'2021-10-25 17:42:00',91,108,11.977268518518516,17,341,5
4594,'2021-05-26 13:37:00',91,108,12.224999999999998,3,540,5
4634,'2021-07-05 14:26:00',93,78,12.804102564102564,3,668,5
4645,'2021-08-06 10:13:00',93,60,14.866666666666667,9,240,5
4667,'2021-10-31 20:48:00',93,115,12.951637681159418,15,431,5
4688,'2021-12-12 19:58:00',95,112,12.751607142857143,3,516,5
4727,'2021-08-17 20:33:00',95,68,11.611176470588237,8,272,5
4732,'2021-06-12 15:05:00',95,38,12.985964912280702,1,190,5
4732,'2021-06-12 15:05:00',95,38,12.985964912280702,11,190,5
4739,'2021-08-10 14:17:00',95,23,11.425434782608693,15,81,5
4756,'2021-10-24 19:12:00',96,59,10.878983050847458,2,252,5
4859,'2021-09-16 18:34:00',98,73,9.664223744292237,8,600,5
4875,'2021-12-18 15:23:00',98,31,12.371612903225804,3,372,5
4877,'2021-07-31 11:44:00',98,111,13.015495495495495,5,832,5
4978,'2021-10-30 20:05:00',100,50,8.910666666666668,2,1000,5
4987,'2021-09-13 13:58:00',100,44,13.338636363636365,4,165,5
5020,'2021-12-30 10:52:00',100,115,12.419130434782607,2,492,5
5027,'2022-01-17 16:30:00',100,96,13.241249999999999,9,576,5
5091,'2021-08-03 18:20:00',101,59,13.528135593220338,15,186,5
5110,'2021-10-23 10:36:00',101,118,13.440790960451976,4,544,5
5113,'2021-11-24 18:52:00',102,74,13.971554054054057,13,233,5
5120,'2021-08-07 12:58:00',102,47,11.41808510638298,1,705,5
5154,'2021-07-18 12:39:00',103,113,13.467345132743361,14,423,5
5158,'2021-08-23 14:44:00',103,21,14.850476190476193,16,120,5
5165,'2021-12-27 15:39:00',103,109,12.760779816513763,1,1635,5
5188,'2021-12-22 17:53:00',103,80,9.775,2,1200,5
5205,'2021-07-26 19:25:00',104,107,13.656308411214953,9,535,5
5217,'2021-09-16 16:27:00',105,88,13.535189393939397,2,406,5
5217,'2021-09-16 16:27:00',105,88,13.535189393939397,9,406,5
5221,'2021-12-02 10:47:00',105,110,13.155181818181816,9,366,5
5238,'2021-08-28 14:27:00',105,82,10.774999999999997,2,1230,5
5276,'2021-06-28 20:40:00',106,105,12.904444444444445,11,350,5
5304,'2021-11-04 17:52:00',106,113,12.284955752212388,1,2260,5
5323,'2021-09-17 18:32:00',106,81,11.877777777777775,5,540,5
5326,'2021-07-20 14:04:00',106,21,15.27857142857143,3,315,5
5328,'2021-05-20 10:08:00',106,36,12.6375,8,135,5
5384,'2021-09-28 14:08:00',108,67,13.022636815920398,9,335,5
5404,'2021-06-15 12:41:00',108,62,14.351075268817203,1,1240,5
5532,'2021-08-20 09:53:00',111,53,9.652830188679244,4,636,5
5546,'2021-06-03 20:27:00',112,65,12.532435897435898,2,557,5
5553,'2021-10-05 17:16:00',112,93,11.067741935483872,1,1395,5
5606,'2021-06-15 15:57:00',113,103,12.946731391585761,4,772,5
5610,'2021-07-23 09:14:00',114,111,14.760810810810813,1,1665,5
5652,'2021-04-11 17:33:00',114,106,9.804716981132074,4,908,5
5653,'2022-01-10 17:20:00',114,50,14.169966666666667,13,187,5
5665,'2021-06-13 13:50:00',115,25,12.876666666666667,3,125,5
5667,'2021-09-03 20:22:00',115,79,11.62291139240506,4,338,5
5709,'2022-01-26 16:22:00',115,71,13.295774647887328,15,236,5
5713,'2021-06-26 17:42:00',115,116,12.867313218390805,4,773,5
5718,'2021-10-10 17:01:00',115,71,12.529342723004694,10,250,5
5764,'2021-09-10 14:23:00',116,70,12.9,2,420,5
5785,'2022-01-31 17:51:00',116,30,15.013333333333335,9,120,5
5811,'2021-04-24 20:45:00',117,58,13.482471264367817,3,386,5
5859,'2022-01-09 16:00:00',117,87,11.957279693486592,6,290,5
5862,'2021-06-12 17:18:00',117,111,12.437987987987986,8,350,5
5887,'2021-12-11 14:30:00',117,108,11.35,3,1620,5
5932,'2021-09-17 16:45:00',119,55,16.07409090909091,1,825,5
5952,'2021-06-28 12:24:00',120,49,12.609285714285713,8,183,5
5968,'2022-01-26 09:57:00',120,42,12.000000000000002,7,180,5
5977,'2021-12-07 13:10:00',120,92,11.329891304347827,14,345,5
6002,'2022-01-08 11:04:00',121,48,12.85625,9,180,5
6031,'2021-06-08 12:17:00',121,31,13.487903225806452,1,465,5
6033,'2021-11-01 15:16:00',121,47,16.176595744680853,4,720,5
6043,'2021-09-04 19:15:00',122,45,13.700000000000001,1,900,5
6054,'2021-08-05 16:06:00',123,116,12.939008620689654,16,409,5
6095,'2021-10-27 14:40:00',123,86,10.998837209302327,1,1290,5
6197,'2021-05-20 10:22:00',125,98,11.141904761904764,11,392,5
6218,'2021-04-24 14:41:00',125,63,13.68531746031746,3,945,5
6293,'2022-01-23 09:08:00',127,27,9.300925925925926,1,405,5
6296,'2021-10-03 09:02:00',127,80,8.325000000000001,2,1200,5
6334,'2021-09-16 09:33:00',127,22,12.961515151515155,4,94,5
6342,'2021-05-10 16:38:00',127,37,14.990090090090089,3,780,5
6464,'2021-10-25 15:45:00',132,43,14.961627906976744,5,135,5
6503,'2021-06-22 19:18:00',133,103,11.136893203883496,5,561,5
6512,'2021-11-15 11:29:00',133,109,13.726972477064221,13,344,5
6552,'2021-11-20 09:39:00',134,30,13.68,12,138,5
6562,'2021-05-19 14:04:00',134,58,10.181379310344827,5,497,5
6637,'2021-07-11 11:34:00',135,111,13.094294294294293,14,370,5
6638,'2021-04-18 16:53:00',135,69,12.279565217391303,4,258,5
6640,'2021-07-26 15:35:00',135,51,13.598627450980391,13,161,5
6662,'2021-06-19 20:25:00',136,111,11.966666666666667,2,2220,5
6665,'2021-08-05 09:12:00',136,65,12.634461538461537,4,216,5
6668,'2021-08-08 12:18:00',136,83,10.704819277108435,2,1245,5
6669,'2022-01-14 15:52:00',137,112,12.90607142857143,6,373,5
6773,'2021-08-12 14:51:00',138,40,12.362833333333334,11,240,5
6774,'2021-12-16 20:33:00',138,112,9.186964285714286,3,516,5
6777,'2021-10-03 16:41:00',138,60,15.656666666666666,4,200,5
6785,'2022-01-11 13:40:00',138,39,8.388461538461538,1,585,5
6806,'2022-01-08 19:34:00',138,77,11.681493506493506,1,1155,5
6817,'2022-01-26 13:56:00',138,81,13.82777777777778,8,486,5
6872,'2021-10-06 13:11:00',140,94,12.933510638297875,11,470,5
6880,'2021-10-13 19:21:00',140,72,12.5,1,1080,5
6908,'2021-10-26 17:04:00',140,45,11.533333333333333,4,720,5
6909,'2021-08-14 16:09:00',140,95,12.62526315789474,7,570,5
6942,'2021-08-02 10:07:00',141,71,11.498591549295774,10,327,5
6967,'2021-07-08 10:55:00',142,42,12.974603174603173,16,140,5
7043,'2021-08-24 15:44:00',143,113,12.402477876106193,2,356,5
7062,'2021-08-12 09:14:00',143,111,12.389189189189187,6,740,5
7066,'2021-07-01 19:26:00',143,48,12.163854166666667,2,261,5
7130,'2021-09-12 11:18:00',144,35,13.575809523809522,3,262,5
7132,'2021-04-09 10:34:00',144,34,13.904117647058825,13,136,5
7142,'2021-10-10 14:41:00',144,89,11.268539325842696,14,356,5
7154,'2021-04-25 09:55:00',144,38,10.635087719298244,15,134,5
7172,'2021-10-05 17:03:00',145,49,12.474387755102041,4,267,5
7250,'2021-07-24 17:16:00',146,76,11.555043859649123,10,350,5
7266,'2021-07-18 18:26:00',146,40,14.404999999999998,11,160,5
7283,'2021-11-09 09:28:00',146,23,12.427246376811595,2,76,5
7286,'2021-12-09 20:16:00',147,82,11.284024390243902,9,351,5
7306,'2021-12-11 19:28:00',147,77,10.035844155844156,3,924,5
7312,'2021-05-25 15:05:00',147,53,12.587547169811321,9,212,5
7353,'2021-09-07 13:21:00',148,37,12.125675675675673,3,185,5
7358,'2021-11-09 09:01:00',148,68,14.088995098039215,12,313,5
7375,'2021-10-26 10:26:00',149,41,15.037317073170733,2,307,5
7383,'2021-04-28 17:22:00',149,99,10.95959595959596,1,1485,5
7413,'2021-09-30 17:07:00',151,85,12.925098039215687,2,1700,5
7414,'2021-07-07 11:02:00',151,30,10.6,6,180,5
7470,'2021-12-27 19:37:00',153,30,11.146666666666667,2,450,5
7478,'2021-08-07 19:41:00',153,60,12.649999999999999,12,200,5
7490,'2021-12-09 16:17:00',153,68,12.707941176470587,13,291,5
7522,'2021-05-29 14:32:00',153,52,9.43205128205128,1,1040,5
7543,'2021-10-02 19:35:00',155,68,12.458039215686275,4,214,5
7543,'2021-10-02 19:35:00',155,68,12.458039215686275,9,214,5
7544,'2021-10-03 18:39:00',155,94,9.902127659574468,3,1920,5
7634,'2021-08-09 12:52:00',156,23,15.005797101449275,3,480,5
7639,'2021-12-27 20:52:00',156,110,10.812424242424244,1,2200,5
7640,'2021-06-01 13:54:00',156,20,15.060833333333333,8,70,5
7748,'2021-08-18 11:48:00',157,67,13.44365671641791,4,1020,5
7791,'2021-09-09 14:33:00',158,76,13.817499999999999,3,506,5
7793,'2021-08-09 10:21:00',158,86,7.886046511627907,3,1740,5
7816,'2022-01-29 15:54:00',160,83,13.68265060240964,5,276,5
8008,'2021-05-08 12:30:00',163,51,12.927058823529412,7,382,5
8049,'2021-10-14 13:04:00',163,32,11.585416666666667,3,660,5
8056,'2021-07-01 10:02:00',164,20,12.844500000000002,13,66,5
8065,'2021-09-15 16:29:00',164,62,11.175752688172043,15,218,5
8109,'2021-10-15 18:40:00',164,65,11.492307692307694,3,1320,5
8177,'2021-12-07 16:46:00',166,63,7.389285714285715,2,945,5
8180,'2022-01-14 18:55:00',166,69,12.384927536231887,5,318,5
8201,'2021-10-05 10:00:00',166,110,12.41180303030303,12,347,5
8217,'2021-07-16 15:05:00',166,87,12.48088122605364,7,307,5
8244,'2021-06-02 11:30:00',166,93,15.5705376344086,15,348,5
8269,'2021-04-22 19:49:00',167,113,12.841386430678467,5,521,5
8330,'2021-04-18 18:50:00',168,44,12.124318181818179,12,138,5
8330,'2021-04-18 18:50:00',168,44,12.124318181818179,14,138,5
8337,'2021-07-07 15:09:00',168,43,14.976976744186043,2,198,5
8349,'2022-01-27 19:44:00',168,87,11.325000000000001,1,1305,5
8364,'2021-09-17 13:18:00',169,116,11.901724137931033,5,580,5
8388,'2021-06-08 16:37:00',169,103,9.845388349514563,1,1545,5
8389,'2021-12-15 17:56:00',169,93,11.575430107526882,7,429,5
8389,'2021-12-15 17:56:00',169,93,11.575430107526882,12,429,5
8391,'2021-04-19 19:26:00',169,37,15.013513513513514,1,201,5
8394,'2021-09-19 09:23:00',169,101,12.168910891089109,7,378,5
8437,'2021-12-28 10:19:00',170,104,14.1,7,480,5
8483,'2021-09-21 15:06:00',171,83,11.800923694779117,3,553,5
8491,'2021-10-13 09:23:00',171,35,9.28,3,420,5
8578,'2021-09-05 16:48:00',172,102,11.456045751633988,12,470,5
8586,'2021-05-15 20:27:00',172,41,14.452398373983742,2,307,5
8597,'2021-05-27 12:52:00',174,21,9.092857142857143,1,315,5
8622,'2021-06-25 11:32:00',174,65,13.058615384615385,6,433,5
8656,'2021-09-23 09:41:00',175,90,11.32,10,540,5
8660,'2021-08-16 09:50:00',175,78,10.556410256410256,3,390,5
8693,'2021-04-24 20:00:00',177,118,12.194915254237287,3,2400,5
8703,'2022-01-27 12:50:00',177,99,12.666161616161617,1,990,5
8704,'2021-05-29 09:11:00',177,62,11.461747311827954,7,413,5
8854,'2021-12-03 15:01:00',181,98,9.648639455782313,3,980,5
8884,'2021-07-28 09:10:00',182,70,13.266666666666666,2,1400,5
8894,'2021-08-20 15:51:00',182,53,11.669182389937108,11,212,5
8894,'2021-08-20 15:51:00',182,53,11.669182389937108,12,212,5
8899,'2021-08-25 09:42:00',182,107,12.198520249221184,4,493,5
8917,'2021-10-02 16:20:00',182,107,13.510669781931462,10,377,5
8920,'2021-05-09 14:35:00',182,37,13.657117117117119,14,148,5
8942,'2021-10-01 16:27:00',182,112,8.297619047619047,1,2240,5
8945,'2021-09-20 18:04:00',182,106,15.674716981132075,2,1272,5
8970,'2021-12-15 14:30:00',183,79,12.392911392405065,16,278,5
8974,'2021-10-23 16:13:00',183,47,10.024964539007094,8,360,5
8985,'2022-01-06 15:02:00',183,113,7.933185840707964,4,1740,5
9030,'2021-08-02 11:36:00',183,34,12.273529411764704,1,340,5
9049,'2021-08-09 11:41:00',183,112,13.981250000000001,9,420,5
9055,'2022-01-03 16:43:00',183,28,12.092857142857143,2,560,5
9072,'2021-12-29 10:05:00',184,71,11.325633802816903,4,304,5
9161,'2021-06-24 14:40:00',186,21,12.688095238095238,1,105,5
9182,'2021-07-22 16:45:00',186,50,13.269999999999998,2,300,5
9184,'2021-07-31 12:32:00',186,93,12.4058064516129,6,348,5
9203,'2021-08-26 18:35:00',187,43,15.583565891472869,13,184,5
9281,'2021-04-30 11:31:00',190,49,13.916054421768711,9,172,5
9284,'2021-10-03 15:54:00',190,34,12.191666666666665,5,226,5
9353,'2021-06-02 12:38:00',191,104,10.373653846153847,7,900,5
9366,'2021-04-29 15:50:00',191,22,12.370151515151514,3,82,5
9390,'2022-01-07 17:09:00',192,112,11.50892857142857,10,373,5
9407,'2021-08-24 20:49:00',192,33,14.13151515151515,5,141,5
9520,'2021-08-27 16:11:00',194,117,7.0115384615384615,1,1755,5
9529,'2021-11-07 13:32:00',194,23,13.176086956521738,2,345,5
9537,'2021-10-21 09:08:00',194,102,12.723529411764705,14,360,5
9568,'2021-11-03 14:23:00',194,78,16.087606837606838,2,275,5
9639,'2021-08-29 10:25:00',196,82,15.244634146341467,17,258,5
9676,'2021-04-27 17:14:00',196,73,14.761004566210048,3,547,5
9689,'2022-01-19 15:49:00',197,53,10.615880503144654,5,353,5
9696,'2021-07-12 14:56:00',197,56,12.235714285714286,3,240,5
9712,'2021-06-19 17:34:00',197,54,12.716666666666669,3,180,5
9715,'2021-11-30 18:00:00',197,26,11.962435897435896,16,120,5
9718,'2021-06-29 11:17:00',197,29,13.08103448275862,1,435,5
9748,'2021-08-18 16:36:00',197,84,11.871329365079367,11,265,5
9799,'2021-08-24 12:05:00',198,100,14.021033333333333,4,461,5
9804,'2021-04-30 10:16:00',198,91,13.609175824175823,6,303,5
9815,'2021-12-12 20:17:00',198,22,11.200000000000001,9,120,5
9817,'2021-10-11 13:00:00',198,81,14.408703703703702,7,303,5
9824,'2021-05-30 20:54:00',198,72,10.516666666666667,1,720,5
9829,'2021-10-28 14:02:00',198,104,16.604487179487183,2,445,5
9855,'2021-12-26 19:36:00',199,50,16.225,4,780,5
9896,'2021-09-12 10:08:00',199,44,12.03030303030303,4,220,5
9907,'2021-08-18 18:43:00',199,43,12.028372093023258,8,258,5
9954,'2021-09-20 11:16:00',200,70,11.762857142857142,1,1400,5
9962,'2021-06-10 18:12:00',200,97,13.728505154639175,6,447,5
9977,'2021-12-04 15:48:00',200,118,10.286694915254238,6,786,5
10012,'2021-04-29 15:19:00',201,35,13.202571428571424,6,131,5
10019,'2021-05-05 16:36:00',201,65,15.73846153846154,12,300,5
10069,'2021-12-20 09:37:00',201,89,13.023820224719103,3,314,5
10073,'2021-08-16 09:16:00',201,78,14.621153846153849,5,390,5
10078,'2021-08-11 17:50:00',202,100,11.591100000000003,8,666,5
10080,'2021-09-03 14:14:00',202,29,11.91862068965517,1,102,5
10099,'2021-08-24 09:16:00',202,46,10.61413043478261,3,690,5
10106,'2021-05-13 18:15:00',202,78,13.44188034188034,5,520,5
10130,'2021-12-27 15:14:00',202,114,14.404839181286548,1,427,5
10182,'2021-12-25 11:11:00',204,98,12.529251700680271,17,326,5
10197,'2021-06-11 16:41:00',204,116,12.18735632183908,1,580,5
10197,'2021-06-11 16:41:00',204,116,12.18735632183908,7,580,5
10201,'2022-01-01 16:03:00',204,83,10.11656626506024,2,1245,5
10253,'2021-06-07 12:46:00',207,28,13.675714285714285,2,186,5
10262,'2021-08-12 16:53:00',207,87,13.670689655172414,18,300,5
10309,'2022-01-05 13:24:00',207,87,11.661436781609195,1,307,5
10370,'2021-05-25 20:29:00',209,115,13.920739130434777,15,363,5
10371,'2021-11-22 16:03:00',209,58,9.868103448275862,4,900,5
10439,'2021-04-09 14:30:00',209,64,11.45859375,14,225,5
10462,'2021-05-01 17:31:00',210,50,15.066666666666666,3,1020,5
10478,'2021-04-17 16:45:00',210,104,12.771490384615383,8,693,5
10546,'2021-06-21 09:04:00',212,53,12.840534591194968,11,300,5
10547,'2021-08-31 16:04:00',212,22,12.14090909090909,2,330,5
10612,'2021-09-17 18:01:00',213,31,11.589516129032258,2,465,5
10614,'2021-10-27 19:17:00',213,95,12.378596491228068,11,540,5
10639,'2021-05-31 12:17:00',213,94,13.27299645390071,16,313,5
10640,'2021-07-27 18:23:00',213,83,10.386546184738954,1,622,5
10652,'2021-04-08 18:57:00',214,82,13.550853658536585,5,546,5
10663,'2021-10-18 20:34:00',214,49,15.375714285714286,1,294,5
10686,'2021-06-20 19:33:00',214,73,16.5713698630137,1,438,5
10697,'2021-04-22 16:38:00',214,109,13.901284403669724,2,408,5
10701,'2021-12-15 18:51:00',214,59,14.625310734463275,6,196,5
10724,'2022-01-02 17:53:00',214,79,12.182109704641352,10,296,5
10736,'2021-05-15 18:42:00',215,98,12.922431972789118,1,367,5
10756,'2021-10-02 11:18:00',218,107,11.678442367601246,5,713,5
10979,'2022-01-16 12:11:00',223,86,13.97480620155039,15,286,5
10992,'2021-11-23 16:40:00',224,30,5.843333333333334,1,450,5
11009,'2021-06-16 15:57:00',224,50,15.683066666666665,12,166,5
11045,'2021-06-19 19:54:00',224,115,12.521884057971013,4,530,5
11116,'2021-04-26 11:20:00',226,45,10.485,3,675,5
11142,'2021-05-06 18:57:00',226,52,13.687115384615385,9,183,5
11149,'2021-11-03 12:20:00',226,72,12.349722222222224,18,227,5
11158,'2021-08-21 20:00:00',226,62,12.080860215053763,12,232,5
11162,'2021-12-31 13:11:00',226,46,13.719565217391303,14,145,5
11201,'2021-06-28 17:18:00',227,108,12.350000000000001,2,810,5
11215,'2021-05-20 12:23:00',227,22,13.72,2,132,5
11302,'2021-06-07 11:31:00',228,56,12.842857142857142,14,240,5
11303,'2021-12-29 13:55:00',228,28,10.325,3,420,5
11310,'2021-05-28 15:16:00',228,39,13.953760683760684,11,137,5
11324,'2021-07-20 11:22:00',228,118,12.680550847457628,8,393,5
11324,'2021-07-20 11:22:00',228,118,12.680550847457628,18,420,5
11341,'2022-01-15 11:20:00',229,54,11.472222222222221,4,324,5
11360,'2022-01-28 16:13:00',230,44,16.15,2,660,5
11440,'2021-04-26 20:49:00',230,67,13.622089552238808,2,402,5
11487,'2021-05-15 19:30:00',232,22,14.824242424242424,2,440,5
11491,'2022-01-18 11:52:00',232,93,11.22016129032258,3,1395,5
11516,'2021-09-02 11:53:00',232,34,11.889019607843139,13,136,5
11530,'2021-04-18 09:36:00',232,46,12.119347826086956,14,162,5
11536,'2021-06-01 16:57:00',233,66,12.870909090909091,11,304,5
11557,'2021-08-27 09:49:00',233,89,13.213183520599252,3,314,5
11559,'2021-05-08 18:30:00',233,28,13.821607142857141,10,93,5
11559,'2021-05-08 18:30:00',233,28,13.821607142857141,15,93,5
11560,'2021-06-14 19:50:00',233,65,13.408923076923076,13,243,5
11578,'2021-09-17 14:05:00',233,79,12.666962025316458,9,263,5
11603,'2021-11-09 12:08:00',233,27,10.424814814814814,15,101,5
11614,'2021-09-04 18:45:00',233,101,15.381188118811883,3,550,5
11637,'2021-11-30 12:55:00',234,43,11.84127906976744,18,135,5
11648,'2021-10-26 16:34:00',235,118,14.18686440677966,1,885,5
11656,'2022-01-06 11:05:00',235,83,15.296385542168673,1,415,5
11661,'2021-10-06 12:41:00',235,112,9.149999999999999,4,1680,5
11690,'2021-11-26 17:52:00',236,87,13.373563218390801,2,474,5
11692,'2021-11-23 14:15:00',236,103,14.484708737864075,6,363,5
11732,'2021-04-26 17:31:00',236,91,12.294835164835163,3,546,5
11797,'2021-10-19 15:40:00',237,59,15.465762711864407,3,186,5
11811,'2021-05-16 11:41:00',238,107,8.67196261682243,2,1605,5
11879,'2021-11-05 19:30:00',239,67,14.341542288557212,11,420,5
11880,'2021-05-30 16:45:00',239,58,12.539942528735633,1,290,5
11896,'2021-10-19 17:31:00',239,113,12.117920353982303,2,753,5
11918,'2021-11-09 19:31:00',240,62,14.652956989247311,3,286,5
11921,'2022-01-16 09:24:00',240,39,10.307051282051281,4,600,5
11947,'2021-06-02 20:43:00',240,41,12.743414634146342,14,144,5
11983,'2021-12-20 15:45:00',240,92,11.483695652173912,8,345,5
11993,'2021-05-10 15:49:00',240,85,13.070588235294116,2,300,5
12003,'2021-12-27 20:03:00',241,48,7.3,2,720,5
12021,'2021-10-06 17:06:00',241,46,12.920471014492755,12,145,5
12027,'2021-07-20 18:46:00',241,73,11.257442922374432,7,292,5
12040,'2021-04-30 18:51:00',242,84,12.510476190476192,15,360,5
12088,'2022-01-31 14:47:00',243,83,13.631566265060242,11,276,5
12089,'2021-08-30 17:14:00',243,75,11.347466666666666,2,264,5
12089,'2021-08-30 17:14:00',243,75,11.347466666666666,13,264,5
12107,'2021-06-10 20:35:00',243,44,13.166363636363638,7,176,5
12134,'2021-06-23 15:01:00',245,102,11.977941176470589,4,510,5
12143,'2021-04-24 09:38:00',245,88,10.615909090909092,2,440,5
12154,'2021-12-11 11:13:00',245,72,13.93777777777778,3,288,5
12190,'2021-10-29 15:34:00',245,33,12.280808080808077,6,152,5
12192,'2021-10-19 10:25:00',245,82,12.830609756097562,17,273,5
12243,'2021-09-24 12:53:00',246,117,9.866666666666667,3,2340,5
12245,'2021-04-14 13:23:00',246,89,10.857022471910112,3,1335,5
12259,'2021-09-16 20:14:00',246,73,14.246552511415528,6,547,5
12275,'2021-09-03 18:30:00',246,29,12.459655172413793,5,102,5
12347,'2021-08-25 16:06:00',249,104,14.258974358974358,5,520,5
12401,'2021-06-24 19:44:00',251,39,13.884615384615385,5,180,5
12456,'2021-07-14 17:14:00',252,56,13.704761904761904,8,280,5
12464,'2021-11-13 18:50:00',252,60,10.925,3,900,5
12483,'2021-12-25 09:40:00',252,90,12.220555555555556,3,1350,5
12530,'2021-06-05 15:22:00',253,86,15.324457364341084,3,322,5
12554,'2021-06-25 16:11:00',254,91,12.976391941391942,6,341,5
12577,'2021-10-10 14:24:00',254,114,9.733333333333333,2,1140,5
12579,'2021-05-10 13:13:00',254,67,13.000995024875623,5,236,5
12608,'2021-06-08 13:30:00',255,94,12.391489361702131,7,840,5
12612,'2021-05-11 13:00:00',255,109,13.47535168195719,16,344,5
12631,'2021-09-09 15:53:00',255,85,13.597333333333335,14,268,5
12769,'2021-08-14 13:04:00',258,54,14.145555555555553,10,360,5
12802,'2022-01-10 20:46:00',259,25,11.389999999999999,5,250,5
12815,'2021-09-24 15:52:00',259,23,14.340869565217389,17,72,5
12879,'2021-08-21 13:00:00',259,82,13.98310975609756,10,351,5
12930,'2021-12-30 11:42:00',261,50,13.64,1,600,5
12968,'2021-07-15 11:48:00',261,84,11.500000000000002,2,1260,5
12976,'2022-01-01 15:10:00',262,97,10.94192439862543,2,1940,5
12994,'2021-10-06 13:33:00',262,100,13.079933333333331,10,461,5
13048,'2021-10-09 15:18:00',263,53,11.691603773584902,4,167,5
13052,'2021-08-19 17:38:00',263,71,14.709436619718314,10,327,5
13087,'2021-07-19 19:47:00',264,68,12.647058823529411,7,240,5
13090,'2021-04-14 10:46:00',264,102,13.416666666666668,4,340,5
13096,'2021-04-09 10:38:00',264,73,11.01232876712329,3,1500,5
13100,'2021-04-12 10:53:00',264,27,13.21574074074074,3,405,5
13141,'2021-09-19 10:41:00',266,84,10.343988095238096,3,387,5
13160,'2021-12-30 11:17:00',266,100,11.778999999999998,12,400,5
13165,'2021-07-24 19:02:00',266,29,10.679999999999998,2,174,5
13172,'2021-04-29 15:51:00',266,107,11.727601246105916,12,428,5
13190,'2021-07-29 11:10:00',266,30,11.7,3,600,5
13199,'2021-12-31 09:26:00',266,25,8.4,4,420,5
13279,'2021-06-18 18:21:00',268,113,12.653893805309734,13,398,5
13352,'2021-05-03 12:55:00',271,59,11.581016949152543,3,208,5
13356,'2021-08-18 20:37:00',271,72,13.583333333333332,8,240,5
13366,'2022-01-25 12:37:00',271,110,11.918181818181818,9,600,5
13385,'2021-08-11 16:47:00',272,89,12.11674157303371,5,314,5
13407,'2021-07-10 18:46:00',273,109,13.200290519877678,7,503,5
13413,'2021-11-01 17:39:00',274,59,9.461581920903955,3,1200,5
13419,'2021-04-10 13:37:00',274,53,13.561761006289307,5,176,5
13427,'2021-07-10 19:18:00',274,23,13.511449275362319,8,86,5
13427,'2021-07-10 19:18:00',274,23,13.511449275362319,14,86,5
13432,'2021-09-23 10:24:00',274,47,14.06723404255319,11,300,5
13459,'2022-01-14 12:57:00',275,118,14.387754237288137,12,393,5
13469,'2021-04-21 13:33:00',275,33,12.600909090909088,6,123,5
13482,'2021-10-12 17:22:00',275,49,12.935714285714287,9,154,5
13491,'2021-04-27 13:55:00',276,58,12.077586206896552,6,435,5
13505,'2021-08-13 20:05:00',276,62,13.227526881720427,8,248,5
13510,'2021-05-29 20:50:00',276,25,11.87,3,375,5
13514,'2021-05-09 09:10:00',276,74,13.573873873873872,4,740,5
13596,'2021-09-25 14:32:00',278,108,10.949999999999998,5,1080,5
13631,'2021-08-17 11:14:00',279,107,12.205794392523366,7,401,5
13632,'2022-01-31 10:51:00',279,94,11.392198581560285,2,1880,5
13663,'2021-11-21 20:49:00',280,74,13.754121621621621,8,277,5
13671,'2021-07-19 10:30:00',280,65,11.411538461538461,12,360,5
13674,'2021-10-31 19:15:00',280,37,13.956216216216216,4,246,5
13683,'2021-05-31 19:06:00',280,117,7.3,3,2340,5
13706,'2021-08-13 20:11:00',280,63,12.39642857142857,2,315,5
13707,'2021-10-10 19:39:00',280,43,16.433333333333334,9,300,5
13732,'2022-01-08 17:57:00',281,34,12.797647058823532,11,156,5
13837,'2021-05-09 10:56:00',284,95,12.451438596491226,6,316,5
13851,'2021-05-03 15:57:00',284,40,13.024999999999999,2,300,5
13878,'2021-05-20 20:48:00',285,63,11.91746031746032,1,222,5
13939,'2021-07-11 15:35:00',287,51,13.281699346405228,6,170,5
13985,'2021-11-12 10:53:00',287,73,10.722945205479451,7,547,5
14008,'2021-06-20 19:50:00',287,24,12.233749999999999,3,102,5
14087,'2021-06-11 17:07:00',289,29,12.966436781609195,1,248,5
14089,'2021-08-24 17:49:00',289,58,10.600431034482757,15,183,5
14104,'2022-01-12 17:42:00',289,63,14.362962962962966,7,290,5
14118,'2021-06-07 09:02:00',289,32,12.66265625,8,147,5
14136,'2021-11-27 16:16:00',289,68,11.830784313725493,1,313,5
14160,'2021-09-02 14:29:00',290,27,9.033333333333331,2,540,5
14179,'2022-01-29 17:23:00',291,116,14.986896551724136,3,464,5
14193,'2022-01-26 18:16:00',291,47,13.581914893617022,4,165,5
14262,'2021-11-11 12:34:00',292,78,13.738461538461538,1,260,5
14293,'2021-07-04 09:20:00',293,101,12.620148514851486,6,757,5
14321,'2021-08-25 20:26:00',294,93,12.79795698924731,5,558,5
14434,'2021-08-04 11:21:00',295,96,14.0340625,11,540,5
14439,'2021-04-28 17:21:00',295,65,13.446153846153848,5,300,5
14440,'2021-12-19 09:40:00',295,85,11.574431372549018,4,364,5
14470,'2021-11-03 17:38:00',295,93,9.333333333333334,3,1860,5
14477,'2022-01-10 10:06:00',295,88,11.533181818181822,4,528,5
14486,'2021-08-30 15:26:00',296,40,13.75,8,300,5
14492,'2021-06-26 14:15:00',296,113,9.59061946902655,1,968,5
14492,'2021-06-26 14:15:00',296,113,9.59061946902655,5,968,5
14494,'2021-11-20 09:45:00',296,93,8.890322580645162,4,1440,5
14522,'2021-12-11 14:57:00',297,67,10.712935323383084,3,670,5
14531,'2021-07-30 10:17:00',298,50,9.067,1,750,5
14546,'2021-09-27 10:42:00',298,69,11.046376811594206,9,480,5
14569,'2021-12-06 14:44:00',298,84,13.347619047619046,18,300,5
14594,'2021-08-03 13:10:00',299,103,15.824433656957927,5,1030,5
14595,'2022-01-16 18:22:00',299,98,6.362585034013606,2,1960,5
14668,'2022-01-04 12:49:00',300,42,13.516468253968252,11,240,5
14738,'2021-04-29 15:06:00',303,100,11.261916666666666,4,857,5
14745,'2021-05-31 17:41:00',303,95,11.399473684210529,1,1425,5
14751,'2021-09-02 18:20:00',303,84,10.533333333333333,3,840,5
14773,'2021-08-30 19:31:00',303,34,11.489656862745099,1,113,5
14780,'2021-05-14 16:44:00',304,108,12.141666666666664,8,540,5
14783,'2021-08-11 20:56:00',304,110,12.636272727272724,11,366,5
14786,'2021-07-17 09:33:00',304,43,11.268604651162793,6,258,5
14789,'2021-05-11 09:42:00',304,95,10.413333333333334,2,1900,5
14850,'2021-09-20 13:37:00',305,57,15.408479532163744,16,190,5
14869,'2021-11-21 15:57:00',306,32,9.578125,1,640,5
14895,'2022-01-22 18:12:00',306,34,9.448529411764705,4,540,5
14902,'2021-09-26 10:19:00',306,110,13.99939393939394,8,440,5
14927,'2021-05-16 11:05:00',307,95,8.814736842105264,1,1425,5
14944,'2021-07-27 15:30:00',307,101,14.812128712871287,4,1560,5
14962,'2021-08-09 18:48:00',307,114,10.766666666666667,3,2280,5
14973,'2022-01-15 15:24:00',307,60,12.47,9,360,5
14977,'2021-05-15 11:14:00',307,119,11.19201680672269,3,1785,5
14997,'2021-09-13 18:19:00',308,33,12.166666666666666,5,282,5
15019,'2021-11-21 16:48:00',308,96,15.863333333333335,12,384,5
15024,'2021-05-29 19:05:00',308,107,14.82031152647975,12,428,5
15035,'2021-07-23 16:06:00',308,59,14.002853107344635,11,221,5
15043,'2021-04-29 15:27:00',308,21,14.278571428571428,4,360,5
15058,'2021-05-27 18:09:00',308,79,13.904894514767932,13,420,5
15069,'2021-10-01 17:02:00',309,49,13.5834693877551,4,326,5
15084,'2021-08-16 15:19:00',309,107,14.718785046728971,7,642,5
15092,'2021-06-09 09:25:00',309,25,12.107266666666666,8,240,5
15096,'2021-05-19 15:46:00',309,50,11.285000000000002,12,157,5
15113,'2022-01-02 17:50:00',309,115,10.261521739130437,2,1725,5
15174,'2021-11-11 16:28:00',310,29,13.212068965517242,2,435,5
15179,'2021-06-26 14:08:00',310,54,13.790555555555555,2,462,5
15184,'2021-08-19 19:11:00',310,64,12.550729166666665,18,202,5
15257,'2021-08-21 18:06:00',315,67,9.849751243781094,3,1380,5
15314,'2021-07-27 13:32:00',315,90,7.427777777777778,4,1380,5
15320,'2021-12-19 16:56:00',316,105,11.422857142857142,2,1575,5
15326,'2021-05-25 10:35:00',316,23,10.742028985507245,2,460,5
15360,'2021-05-01 13:51:00',317,63,11.842857142857142,7,540,5
15377,'2021-10-28 09:50:00',317,38,14.524561403508773,5,380,5
15398,'2021-06-04 10:34:00',317,71,13.250516431924883,7,236,5
15426,'2022-01-14 14:09:00',317,97,10.153092783505155,1,1455,5
15459,'2021-05-19 20:14:00',318,114,13.582631578947368,6,684,5
15474,'2021-10-29 20:57:00',318,31,7.056989247311827,1,620,5
15489,'2021-12-29 20:24:00',319,60,12.624444444444444,16,200,5
15524,'2021-11-06 16:09:00',320,29,11.004137931034482,9,174,5
15543,'2021-07-01 11:32:00',320,81,12.662016460905347,1,694,5
15600,'2021-06-04 19:10:00',321,76,15.468421052631582,12,240,5
15601,'2021-07-30 11:12:00',321,111,12.319279279279277,11,416,5
15604,'2021-10-26 18:44:00',321,38,12.647236842105261,6,253,5
15616,'2021-05-31 15:18:00',321,81,9.718518518518518,3,1215,5
15636,'2021-08-13 10:37:00',321,90,13.705092592592592,11,385,5
15673,'2021-12-12 20:50:00',322,37,11.756756756756756,3,780,5
15680,'2022-01-01 16:47:00',322,27,12.275555555555556,2,202,5
15722,'2021-11-06 09:15:00',324,59,7.980084745762713,3,885,5
15751,'2021-06-09 19:33:00',325,115,11.218260869565215,6,431,5
15761,'2021-07-11 20:19:00',325,100,12.801749999999998,7,315,5
15806,'2021-10-06 09:30:00',326,48,11.366666666666667,3,960,5
15846,'2021-06-14 18:28:00',326,70,14.952142857142857,3,1050,5
15848,'2021-08-17 20:03:00',326,59,14.042033898305085,5,208,5
15891,'2021-04-30 12:47:00',327,49,11.885034013605441,2,245,5
15899,'2021-07-20 16:53:00',327,55,11.967515151515155,7,194,5
15919,'2021-12-11 13:21:00',327,38,10.953947368421051,3,570,5
15954,'2021-12-31 10:40:00',328,33,11.881818181818181,2,495,5
15967,'2021-12-09 19:17:00',329,45,9.299999999999999,1,900,5
15990,'2021-08-03 12:54:00',329,111,12.604054054054055,7,666,5
16007,'2021-05-24 18:57:00',329,88,12.649791666666667,16,277,5
16102,'2021-06-25 10:16:00',330,114,9.725058479532166,5,977,5
16141,'2021-05-01 09:16:00',331,114,10.400000000000002,3,2280,5
16145,'2021-08-25 15:14:00',331,114,13.328508771929823,3,1710,5
16165,'2021-06-28 17:45:00',331,40,10.70641666666667,5,133,5
16187,'2021-07-16 20:43:00',331,95,13.109122807017544,2,1900,5
16251,'2021-12-09 12:53:00',333,101,12.055313531353134,9,404,5
16263,'2021-11-23 18:38:00',333,49,13.052380952380952,4,490,5
16325,'2021-08-09 15:09:00',333,24,12.638888888888888,1,130,5
16327,'2021-05-25 19:22:00',333,62,10.3247311827957,2,310,5
16337,'2021-07-14 19:24:00',334,69,9.790217391304347,2,1035,5
16343,'2021-08-05 19:46:00',334,64,9.475,1,960,5
16424,'2021-11-23 09:43:00',336,104,13.348461538461539,3,1248,5
16503,'2021-10-27 17:03:00',338,117,10.248376068376068,3,877,5
16514,'2021-09-18 12:04:00',338,20,14.466999999999999,7,109,5
16516,'2021-08-09 13:33:00',338,23,11.978695652173913,9,81,5
16525,'2021-10-06 19:34:00',338,74,12.366756756756754,7,246,5
16580,'2021-06-17 19:23:00',339,87,11.713716475095787,4,652,5
16581,'2021-04-21 11:36:00',339,40,9.225,1,600,5
16628,'2021-12-04 18:55:00',340,56,10.11,4,672,5
16634,'2021-06-06 16:16:00',340,83,12.240803212851402,2,292,5
16634,'2021-06-06 16:16:00',340,83,12.240803212851402,17,360,5
16651,'2021-11-04 09:43:00',340,47,11.375212765957446,11,201,5
16685,'2022-01-26 14:34:00',341,116,11.08103448275862,12,600,5
16696,'2021-05-02 13:54:00',342,107,12.723738317757007,10,428,5
16709,'2021-05-07 19:25:00',343,100,14.669999999999998,8,600,5
16728,'2021-07-30 14:44:00',343,72,14.005555555555555,14,240,5
16736,'2021-05-31 11:34:00',343,35,13.930285714285713,10,116,5
16740,'2021-04-14 13:19:00',344,39,11.820085470085468,17,130,5
16741,'2022-01-26 19:36:00',344,24,12.154999999999998,9,84,5
16793,'2021-09-26 18:00:00',344,111,12.996021021021022,10,605,5
16814,'2021-04-12 19:42:00',345,101,12.473267326732675,2,865,5
16853,'2021-04-14 15:11:00',345,94,12.07099290780142,2,376,5
16877,'2021-07-13 18:03:00',346,92,12.786231884057969,10,424,5
16887,'2021-07-11 19:05:00',346,71,13.068403755868545,7,266,5
16969,'2021-12-12 18:27:00',348,29,11.573448275862068,2,102,5
16969,'2021-12-12 18:27:00',348,29,11.573448275862068,8,102,5
17003,'2021-12-02 12:06:00',349,20,14.026333333333337,2,92,5
17030,'2021-07-27 16:31:00',350,37,13.326351351351352,4,600,5
17126,'2021-05-10 19:18:00',352,35,13.58095238095238,3,720,5
17135,'2021-12-01 15:19:00',352,58,12.952816091954023,1,193,5
17149,'2021-11-26 10:41:00',352,47,9.02659574468085,1,705,5
17149,'2021-11-26 10:41:00',352,47,9.02659574468085,4,720,5
17158,'2021-04-12 17:39:00',352,84,14.446428571428573,9,315,5
17159,'2021-09-16 09:31:00',352,93,5.566666666666666,3,1860,5
17167,'2021-04-30 12:18:00',352,96,11.783333333333333,2,480,5
17189,'2021-10-02 12:15:00',353,31,15.009462365591395,6,232,5
17255,'2021-06-21 09:29:00',354,65,12.79553846153846,3,354,5
17284,'2022-01-11 10:31:00',355,57,10.156578947368422,1,855,5
17290,'2021-08-08 16:29:00',356,32,12.80625,11,120,5
17311,'2021-05-27 11:22:00',356,97,13.470927835051548,5,1200,5
17330,'2022-01-27 20:17:00',356,103,14.081213592233013,2,363,5
17391,'2021-06-01 18:57:00',357,23,12.639855072463767,5,86,5
17403,'2021-08-20 09:27:00',357,89,11.185168539325844,1,356,5
17422,'2021-06-02 16:13:00',358,95,13.318947368421052,7,356,5
17442,'2021-11-25 14:38:00',358,112,14.343452380952382,1,2240,5
17443,'2021-06-17 18:39:00',358,64,13.115260416666665,16,202,5
17480,'2021-10-26 11:41:00',358,57,12.06578947368421,4,900,5
17535,'2021-10-17 09:03:00',361,44,13.003977272727273,6,165,5
17545,'2021-07-18 16:22:00',362,93,13.545663082437274,5,328,5
17552,'2021-05-10 18:10:00',362,90,13.450000000000001,1,540,5
17552,'2021-05-10 18:10:00',362,90,13.450000000000001,2,540,5
17575,'2021-09-15 10:38:00',363,89,11.978370786516852,11,445,5
17606,'2021-11-27 13:26:00',364,58,10.601954022988505,7,316,5
17638,'2021-10-15 13:20:00',364,27,13.996296296296297,4,90,5
17680,'2021-05-21 11:05:00',366,52,11.85128205128205,7,164,5
17711,'2021-09-07 14:17:00',366,80,12.70375,1,1600,5
17720,'2022-01-23 13:42:00',366,94,12.042854609929078,12,433,5
17740,'2021-08-27 19:26:00',367,119,13.067058823529413,18,420,5
17812,'2021-10-07 13:55:00',367,95,13.797368421052633,6,335,5
17812,'2021-10-07 13:55:00',367,95,13.797368421052633,9,335,5
17822,'2021-07-13 13:22:00',367,49,11.682925170068028,8,326,5
17829,'2021-06-03 17:28:00',369,82,13.61939024390244,10,258,5
17844,'2021-11-01 20:21:00',369,39,12.103760683760681,10,146,5
17844,'2021-11-01 20:21:00',369,39,12.103760683760681,15,146,5
17867,'2021-10-06 12:19:00',369,66,14.25002525252525,6,247,5
17880,'2021-04-22 09:50:00',369,53,16.56933962264151,2,795,5
17881,'2021-08-09 15:57:00',369,21,11.71761904761905,8,114,5
17985,'2021-05-18 19:32:00',371,51,13.220947712418303,5,191,5
18023,'2021-10-14 11:08:00',372,43,13.292441860465118,17,135,5
18051,'2021-07-05 09:23:00',372,112,14.830729166666666,1,373,5
18052,'2021-07-01 16:32:00',372,58,11.082758620689656,1,870,5
18076,'2021-11-17 09:34:00',373,45,14.387111111111112,5,168,5
18079,'2021-08-15 19:26:00',373,23,11.142028985507245,1,460,5
18103,'2021-12-11 20:50:00',374,106,12.767688679245287,12,489,5
18114,'2021-07-15 12:39:00',374,84,12.644285714285717,2,336,5
18116,'2021-06-22 10:21:00',374,55,13.695454545454547,5,194,5
18148,'2021-08-27 17:36:00',374,117,11.48102564102564,6,702,5
18191,'2021-10-15 17:48:00',375,109,8.04105504587156,1,1635,5
18192,'2021-10-01 18:54:00',375,33,14.274090909090905,15,123,5
18229,'2021-12-31 15:40:00',375,50,14.899999999999999,6,300,5
18288,'2021-09-07 17:41:00',376,32,11.80875,10,128,5
18292,'2021-04-26 19:57:00',376,103,13.440485436893203,10,386,5
18297,'2021-10-27 15:11:00',376,48,11.656249999999998,6,180,5
18336,'2021-12-08 11:06:00',376,116,13.467586206896552,2,386,5
18391,'2021-11-23 10:43:00',379,118,11.321186440677968,4,1800,5
18453,'2021-08-09 09:48:00',379,67,8.441044776119403,1,1005,5
18467,'2021-12-05 18:23:00',379,111,12.275450450450451,8,555,5
18534,'2021-05-29 19:18:00',381,74,10.422702702702702,12,246,5
18535,'2021-09-12 16:31:00',381,75,13.383444444444445,7,409,5
18575,'2021-06-16 11:56:00',382,25,12.0946,6,83,5
18588,'2021-08-04 11:03:00',382,78,12.569230769230765,4,425,5
18680,'2022-01-08 09:18:00',384,91,14.031318681318682,4,455,5
18701,'2021-10-03 13:37:00',384,60,12.722611111111114,8,211,5
18705,'2021-08-27 16:02:00',384,111,11.259459459459459,2,416,5
18705,'2021-08-27 16:02:00',384,111,11.259459459459459,4,416,5
18737,'2022-01-07 18:33:00',385,82,12.300365853658537,8,378,5
18754,'2021-09-14 20:00:00',385,28,12.153809523809525,10,112,5
18815,'2021-12-30 09:46:00',386,47,11.982127659574465,7,216,5
18825,'2021-10-01 19:17:00',386,80,15.2,8,480,5
18837,'2021-10-30 10:43:00',386,100,9.75,3,1500,5
18845,'2021-08-09 18:09:00',387,89,14.027902621722845,7,445,5
18868,'2021-05-07 18:23:00',387,108,10.875,4,1620,5
18903,'2021-10-01 15:17:00',387,85,12.739882352941173,13,318,5
18922,'2021-07-24 12:14:00',387,110,13.305636363636363,11,388,5
18955,'2021-11-07 20:52:00',388,110,13.263636363636364,6,1140,5
18965,'2021-06-11 13:04:00',388,117,16.502222222222223,2,1002,5
19003,'2021-08-12 16:12:00',390,23,7.8673913043478265,3,345,5
19021,'2021-07-23 13:42:00',390,61,13.34032786885246,7,192,5
19027,'2021-10-19 10:02:00',390,57,9.633333333333333,1,1140,5
19081,'2021-11-28 17:52:00',393,108,12.549999999999999,3,1620,5
19082,'2021-08-23 12:12:00',393,43,11.987906976744185,1,234,5
19178,'2021-10-30 12:57:00',396,40,9.798333333333336,2,800,5
19180,'2021-11-18 10:42:00',396,50,14.083333333333332,12,300,5
19184,'2021-04-24 12:10:00',396,47,10.979148936170214,2,564,5
19184,'2021-04-24 12:10:00',396,47,10.979148936170214,3,564,5
19318,'2022-01-03 18:10:00',400,57,15.909356725146202,8,380,5
19339,'2021-08-05 15:52:00',400,56,12.142857142857144,8,240,5
19361,'2021-12-24 18:09:00',401,78,13.255641025641024,3,468,5
19408,'2021-08-24 11:15:00',402,66,16.027474747474745,5,208,5
19446,'2021-08-30 19:29:00',403,33,12.954545454545455,10,180,5
19474,'2021-10-28 17:55:00',403,59,13.007966101694917,6,186,5
19531,'2021-08-02 09:57:00',406,52,9.1,4,780,5
19535,'2021-10-21 19:17:00',406,39,12.466666666666667,3,780,5
19536,'2021-12-30 14:29:00',406,40,15.822583333333334,5,133,5
19545,'2021-06-13 12:22:00',406,61,11.715245901639346,5,406,5
19567,'2022-01-17 19:57:00',406,113,13.018289085545723,3,521,5
19610,'2021-05-18 12:05:00',406,97,13.81479381443299,7,529,5
19626,'2021-11-26 15:38:00',407,59,11.847457627118644,9,354,5
19668,'2021-08-31 10:57:00',407,68,6.300000000000001,2,1020,5
19674,'2021-11-03 15:28:00',407,71,11.652957746478872,15,224,5
19691,'2022-01-16 14:01:00',407,27,14.533333333333331,3,540,5
19699,'2021-05-29 11:37:00',408,64,12.825,2,960,5
19710,'2021-11-07 17:39:00',408,73,9.118904109589042,7,312,5
19720,'2021-12-07 11:16:00',409,106,13.266383647798744,1,374,5
19728,'2021-07-31 18:46:00',410,64,12.545104166666667,6,548,5
19735,'2021-05-11 12:47:00',410,112,11.1875,15,420,5
19743,'2021-12-18 15:43:00',410,108,12.075925925925924,2,405,5
19787,'2021-06-20 20:00:00',410,75,14.681599999999998,14,236,5
19803,'2021-04-30 12:07:00',411,51,14.592156862745098,3,510,5
19822,'2021-09-02 12:46:00',411,51,11.878758169934638,2,218,5
19843,'2021-05-15 15:49:00',411,102,10.905326797385621,4,874,5
19846,'2022-01-25 17:54:00',411,84,14.071428571428575,13,360,5
19893,'2022-01-05 20:43:00',412,48,13.402777777777779,1,160,5
19922,'2021-04-19 17:20:00',412,48,13.235347222222224,3,221,5
19971,'2022-01-06 12:06:00',414,108,13.217978395061728,1,925,5
20013,'2022-01-27 15:08:00',414,113,11.789734513274336,1,1356,5
20085,'2021-09-26 09:29:00',416,80,11.654166666666667,3,1620,5
20148,'2021-04-23 20:03:00',419,79,11.183291139240506,7,474,5
20164,'2021-09-26 13:04:00',420,72,11.9625,1,540,5
20166,'2021-05-06 09:03:00',420,94,10.639255319148937,1,402,5
20169,'2021-10-06 11:16:00',420,30,16.136666666666667,11,105,5
20187,'2021-08-24 09:53:00',420,84,14.975714285714284,5,458,5
20190,'2021-11-12 20:32:00',420,20,15.099999999999998,12,80,5
20257,'2021-05-23 11:32:00',422,95,11.525929824561405,5,407,5
20260,'2021-10-19 18:35:00',422,84,13.366666666666665,3,1680,5
20273,'2022-01-19 20:48:00',423,43,14.651589147286822,3,143,5
20307,'2021-10-16 11:24:00',425,102,13.531176470588237,2,612,5
20319,'2021-06-05 11:13:00',425,80,13.908750000000005,7,342,5
20322,'2021-12-02 14:15:00',425,109,14.216330275229357,2,408,5
20338,'2021-12-22 12:53:00',425,81,10.339506172839506,9,405,5
20394,'2021-07-07 14:56:00',426,86,10.16441860465116,5,303,5
20456,'2022-01-31 16:10:00',428,79,14.956962025316457,5,364,5
20456,'2022-01-31 16:10:00',428,79,14.956962025316457,12,364,5
20469,'2021-11-24 19:02:00',428,78,15.054059829059828,5,425,5
20471,'2021-12-16 14:41:00',428,33,13.399999999999997,2,660,5
20492,'2021-11-21 11:52:00',428,42,12.191904761904762,11,168,5
20523,'2021-08-10 15:51:00',429,60,13.53,5,276,5
20534,'2021-04-12 09:28:00',429,63,11.46899470899471,11,236,5
20570,'2021-12-31 14:38:00',429,87,13.224712643678162,7,290,5
20586,'2021-09-19 14:44:00',430,89,14.073651685393257,8,381,5
20636,'2021-05-22 10:44:00',430,106,15.931132075471696,5,636,5
20685,'2021-11-08 18:17:00',431,114,11.82263157894737,9,684,5
20690,'2021-11-27 09:13:00',431,83,10.45437751004016,2,262,5
20700,'2021-10-12 12:16:00',432,57,13.554736842105264,9,228,5
20705,'2021-05-01 14:53:00',432,35,11.70133333333333,7,262,5
20712,'2021-10-18 16:37:00',432,95,7.363157894736842,1,1900,5
20797,'2021-07-05 19:15:00',433,99,12.037626262626262,4,1500,5
20810,'2021-12-09 09:25:00',433,115,11.112608695652172,6,766,5
20912,'2021-08-15 12:11:00',434,106,11.779386792452833,14,353,5
20972,'2022-01-15 19:56:00',435,60,15.304166666666667,3,211,5
20993,'2021-11-12 18:10:00',436,80,12.883750000000001,8,252,5
21006,'2021-06-10 09:57:00',436,99,14.301010101010105,2,1188,5
21047,'2021-10-20 12:43:00',436,60,12.790833333333332,3,450,5
21064,'2021-05-12 13:26:00',436,88,13.208636363636368,9,528,5
21099,'2021-07-31 20:21:00',438,110,13.365090909090908,4,942,5
21158,'2021-04-26 13:50:00',440,89,12.09123595505618,5,1080,5
21171,'2021-05-31 15:32:00',440,98,11.925595238095239,6,367,5
21173,'2021-11-14 13:32:00',440,94,13.183528368794327,5,313,5
21176,'2021-11-20 18:43:00',440,60,14.165583333333332,6,189,5
21190,'2021-08-12 12:52:00',440,82,11.888658536585368,19,300,5
21193,'2022-01-07 14:20:00',440,60,12.129388888888888,7,540,5
21209,'2021-06-12 11:05:00',441,44,12.317424242424238,9,220,5
21330,'2021-09-13 15:09:00',446,21,13.73888888888889,6,70,5
21363,'2021-12-10 20:52:00',446,62,13.001505376344083,8,232,5
21397,'2021-11-10 18:11:00',447,114,13.4190350877193,17,420,5
21451,'2022-01-12 17:01:00',448,104,13.971346153846152,1,1248,5
21458,'2021-07-13 18:13:00',448,57,13.735175438596494,11,213,5
21473,'2021-11-29 18:38:00',448,92,11.221811594202899,11,368,5
21536,'2021-07-06 17:19:00',449,99,9.500740740740742,2,848,5
21541,'2021-05-21 13:07:00',449,42,17.278095238095244,6,252,5
21544,'2021-09-27 20:15:00',449,30,12.826666666666666,10,120,5
21548,'2021-09-11 19:57:00',450,47,12.054326241134753,3,176,5
21603,'2022-01-21 13:46:00',451,31,10.664516129032258,2,465,5
21609,'2021-05-14 18:36:00',451,26,12.788461538461538,3,390,5
21619,'2022-01-11 15:02:00',452,81,11.651440329218108,14,360,5
21625,'2021-09-01 13:50:00',452,114,13.512719298245614,11,402,5
21682,'2021-09-04 10:38:00',452,117,12.461025641025643,6,438,5
21712,'2021-10-01 16:39:00',453,100,14.954666666666665,1,2000,5
21724,'2021-12-05 14:10:00',453,86,17.04627906976744,7,286,5
21778,'2022-01-23 19:02:00',453,95,11.803859649122808,1,1900,5
21782,'2021-08-17 12:09:00',453,60,9.533333333333333,3,1200,5
21806,'2021-06-28 15:19:00',454,27,13.52962962962963,19,120,5
21811,'2021-10-29 14:37:00',454,46,10.079347826086956,4,720,5
21832,'2021-04-21 10:03:00',454,90,13.175259259259258,7,317,5
21835,'2021-10-14 14:25:00',454,80,13.065729166666667,7,720,5
21885,'2021-10-09 12:47:00',455,64,12.318750000000001,3,1320,5
21887,'2021-07-06 20:00:00',455,81,14.695864197530865,7,607,5
21899,'2021-04-11 17:06:00',456,30,6.7333333333333325,3,600,5
21910,'2021-08-27 12:52:00',456,43,12.218488372093024,3,143,5
21910,'2021-08-27 12:52:00',456,43,12.218488372093024,4,143,5
21913,'2021-11-03 12:32:00',457,27,12.816666666666665,9,135,5
21928,'2021-12-12 11:11:00',457,119,9.922899159663867,2,1785,5
21931,'2021-10-30 17:10:00',457,63,11.033333333333333,1,1260,5
21943,'2021-05-08 19:07:00',457,55,13.213151515151516,13,206,5
21947,'2021-07-22 12:50:00',457,25,12.566,3,375,5
21959,'2021-09-14 13:40:00',457,109,10.163914373088684,3,2220,5
22030,'2021-06-26 20:31:00',458,98,13.414285714285715,7,840,5
22036,'2021-12-07 17:20:00',458,113,14.686814159292036,2,423,5
22065,'2021-09-07 12:10:00',459,34,10.445882352941176,4,408,5
22178,'2021-09-11 10:38:00',461,24,12.624999999999998,3,96,5
22185,'2022-01-27 17:02:00',461,94,14.319255319148935,5,433,5
22229,'2021-08-26 20:02:00',462,73,13.956164383561646,8,312,5
22247,'2021-08-25 19:09:00',462,69,11.279347826086957,4,1080,5
22273,'2021-04-09 09:58:00',462,86,10.816744186046513,1,1032,5
22313,'2022-01-09 12:16:00',463,55,13.593393939393938,11,173,5
22332,'2021-08-29 14:10:00',463,64,8.295625000000001,1,768,5
22332,'2021-08-29 14:10:00',463,64,8.295625000000001,5,780,5
22346,'2021-09-23 17:11:00',463,48,13.54548611111111,7,205,5
22384,'2021-06-20 18:32:00',464,35,12.732142857142856,9,175,5
22411,'2021-07-19 12:03:00',465,107,14.304844236760124,15,401,5
22421,'2021-08-08 20:23:00',465,111,11.342717717717719,4,605,5
22421,'2021-08-08 20:23:00',465,111,11.342717717717719,6,605,5
22431,'2021-08-15 15:33:00',465,40,12.925,6,420,5
22464,'2021-06-22 19:15:00',466,43,11.853294573643408,11,143,5
22474,'2021-11-13 13:36:00',467,107,11.599376947040495,8,428,5
22486,'2021-05-06 16:11:00',467,73,7.8636986301369864,2,1095,5
22491,'2022-01-04 19:58:00',467,45,14.111111111111112,4,168,5
22549,'2021-12-24 12:12:00',469,106,9.871698113207549,1,2120,5
22551,'2021-06-08 10:22:00',469,25,12.307599999999997,2,78,5
22591,'2021-09-04 15:57:00',470,31,9.411827956989246,2,620,5
22608,'2021-05-25 10:05:00',471,103,10.739999999999998,15,363,5
22610,'2021-05-23 18:18:00',471,44,13.785606060606064,2,155,5
22671,'2021-09-09 16:53:00',472,101,12.308663366336631,3,505,5
22673,'2022-01-05 14:51:00',472,46,13.058152173913044,13,145,5
22683,'2021-09-04 12:41:00',472,65,11.807692307692308,4,1020,5
22687,'2021-12-18 15:56:00',472,54,11.192592592592593,2,810,5
22698,'2021-10-21 12:17:00',472,87,13.775402298850572,7,652,5
22703,'2021-09-10 18:04:00',472,46,9.996521739130433,4,276,5
22712,'2021-07-07 14:38:00',472,105,13.788507936507935,13,540,5
22762,'2021-12-07 11:55:00',474,54,12.821111111111108,2,324,5
22784,'2021-10-01 15:50:00',474,35,12.21638095238095,11,116,5
22784,'2021-10-01 15:50:00',474,35,12.21638095238095,18,180,5
22791,'2021-08-30 18:32:00',474,47,11.176063829787234,10,165,5
22806,'2022-01-09 13:37:00',474,108,8.5,2,1620,5
22808,'2021-12-08 19:07:00',474,93,10.927311827956988,1,1116,5
22809,'2021-08-31 13:48:00',474,39,5.966666666666667,3,780,5
22841,'2022-01-28 15:56:00',476,84,10.566666666666668,1,1680,5
22850,'2021-08-01 18:23:00',476,88,14.575,2,1320,5
22871,'2021-09-26 09:23:00',476,93,13.665591397849461,12,310,5
23003,'2021-05-31 11:09:00',478,49,14.480612244897955,11,210,5
23021,'2021-05-13 18:16:00',478,85,11.584921568627452,9,463,5
23026,'2021-05-14 18:24:00',478,54,12.979259259259258,11,216,5
23085,'2021-10-20 09:47:00',479,21,8.332142857142857,1,315,5
23116,'2022-01-22 09:15:00',479,71,12.080187793427228,2,236,5
23124,'2021-09-09 11:44:00',479,27,13.00925925925926,8,90,5
23135,'2022-01-10 09:08:00',480,56,11.844285714285716,8,336,5
23174,'2021-08-13 18:11:00',480,46,12.092391304347826,2,690,5
23177,'2021-05-18 19:54:00',480,47,13.690070921985818,2,940,5
23189,'2021-05-03 17:21:00',481,82,13.571869918699187,9,328,5
23209,'2021-07-18 17:32:00',481,65,12.153974358974361,2,433,5
23223,'2021-12-12 11:45:00',482,37,14.588918918918917,10,201,5
23253,'2021-07-06 19:21:00',483,109,14.044403669724772,9,654,5
23262,'2021-09-15 12:26:00',483,88,16.501250000000002,2,586,5
23266,'2021-06-27 10:44:00',484,86,13.671899224806198,16,360,5
23290,'2021-08-30 09:39:00',484,61,13.327650273224048,4,203,5
23316,'2021-06-09 12:04:00',484,110,13.127090909090906,10,366,5
23398,'2021-10-22 16:55:00',485,115,7.295652173913042,3,2340,5
23401,'2021-11-24 18:18:00',486,61,13.112622950819674,12,261,5
23404,'2021-08-29 10:08:00',486,27,14.979753086419752,4,202,5
23438,'2021-11-29 16:41:00',486,47,11.97078014184397,5,176,5
23451,'2021-04-09 18:43:00',486,61,13.120983606557377,7,366,5
23529,'2021-07-06 13:34:00',487,70,15.8677619047619,12,262,5
23537,'2021-05-12 13:36:00',487,56,14.219999999999999,15,186,5
23545,'2021-11-10 13:29:00',487,38,15.400964912280703,2,134,5
23575,'2021-07-08 18:44:00',487,85,11.299999999999999,5,300,5
23717,'2021-08-02 09:50:00',491,29,11.755632183908045,1,124,5
23717,'2021-08-02 09:50:00',491,29,11.755632183908045,14,180,5
23727,'2021-11-12 18:26:00',491,63,10.944841269841271,4,960,5
23733,'2021-09-01 13:01:00',491,66,11.699999999999998,3,1320,5
23754,'2021-08-18 09:22:00',492,65,11.209846153846154,8,354,5
23767,'2021-10-27 18:23:00',492,113,13.21858407079646,1,2260,5
23782,'2021-05-11 15:24:00',492,117,11.738461538461538,6,540,5
23808,'2021-12-02 20:23:00',492,24,14.082638888888887,8,110,5
23902,'2021-05-20 13:35:00',493,20,14.252000000000002,12,92,5
23936,'2021-09-01 18:03:00',494,78,15.133974358974356,1,1170,5
23941,'2022-01-21 09:41:00',495,69,13.103333333333332,12,258,5
23984,'2021-10-04 12:37:00',495,52,9.125000000000002,4,780,5
24026,'2021-05-11 12:21:00',496,84,13.482539682539683,17,265,5
24027,'2022-01-30 14:56:00',496,29,13.568735632183909,1,116,5
24063,'2021-06-01 17:08:00',497,82,6.985365853658537,1,1640,5
24090,'2021-11-08 12:34:00',497,91,12.221978021978025,3,546,5
24146,'2021-12-28 11:02:00',498,88,11.325000000000001,2,1320,5
24210,'2021-05-30 12:08:00',499,36,13.347916666666668,9,135,5
24222,'2021-10-22 15:30:00',499,119,12.185826330532214,3,476,5
24229,'2021-07-07 20:44:00',499,88,12.082651515151515,5,586,5
24260,'2021-09-06 13:57:00',499,82,12.18841463414634,7,447,5
24289,'2021-11-17 12:31:00',500,111,12.460660660660661,2,832,5
24292,'2021-06-06 12:46:00',500,32,13.80296875,4,147,5
24316,'2021-10-14 18:26:00',500,53,13.969025157232705,4,265,5
24339,'2021-08-29 11:51:00',500,29,12.647816091954022,9,116,5
24350,'2021-06-16 20:18:00',500,107,14.86277258566978,6,535,5
24381,'2022-01-25 11:35:00',501,104,14.425256410256408,13,416,5
